national_illness_104_24_DLinear_custom_ftM_sl104_ll18_pl24_dm512_nh8_el2_dl1_df2048_fc1_ebtimeF_dtTrue_Exp_0  
mse:2.279543161392212, mae:1.0606387853622437, rse:0.7299929261207581, corr:[0.07271337 0.07471643 0.07467184 0.07294479 0.07160878 0.07011887
 0.07114374 0.07130135 0.07097042 0.07038265 0.06948849 0.06953475
 0.06987705 0.06880558 0.06895911 0.06789352 0.06751348 0.06669971
 0.0656843  0.06541991 0.06488366 0.06513551 0.06490155 0.06515279]

national_illness_104_36_DLinear_custom_ftM_sl104_ll18_pl36_dm512_nh8_el2_dl1_df2048_fc1_ebtimeF_dtTrue_Exp_0  
mse:2.2354073524475098, mae:1.0587890148162842, rse:0.7203847169876099, corr:[0.07279421 0.07367273 0.07388462 0.07251751 0.07055347 0.06897496
 0.06956754 0.07001439 0.06983895 0.06996634 0.06984162 0.06939793
 0.07051585 0.07031086 0.07129567 0.07095242 0.07100901 0.071197
 0.07068687 0.07075826 0.07062822 0.07042518 0.07022806 0.06992404
 0.06899283 0.06907275 0.06957383 0.06873001 0.06752681 0.06685429
 0.06540535 0.06417853 0.06321166 0.06236811 0.06223857 0.06153119]

national_illness_104_48_DLinear_custom_ftM_sl104_ll18_pl48_dm512_nh8_el2_dl1_df2048_fc1_ebtimeF_dtTrue_Exp_0  
mse:2.298314094543457, mae:1.078803300857544, rse:0.7257245779037476, corr:[0.0713156  0.07260744 0.07272346 0.07112341 0.06910147 0.06761234
 0.06822362 0.06866498 0.06855889 0.06843934 0.06782761 0.06826144
 0.0691653  0.06909188 0.07003202 0.0694712  0.07039754 0.07033329
 0.07031748 0.07091999 0.07110395 0.07116447 0.07141406 0.0711739
 0.07083705 0.07079274 0.0710053  0.07011539 0.06932519 0.06807297
 0.06755593 0.06720355 0.06649777 0.06634498 0.06632462 0.06567474
 0.06514819 0.06483531 0.06475764 0.06465157 0.06416552 0.06338933
 0.06272002 0.06242247 0.06165578 0.06126862 0.06092564 0.06004411]

national_illness_104_60_DLinear_custom_ftM_sl104_ll18_pl60_dm512_nh8_el2_dl1_df2048_fc1_ebtimeF_dtTrue_Exp_0  
mse:2.573103427886963, mae:1.1570842266082764, rse:0.7621095180511475, corr:[0.06460771 0.06757626 0.06947474 0.06910652 0.06882106 0.06781068
 0.06824197 0.06972803 0.06920631 0.06905181 0.06835376 0.06642655
 0.06930565 0.06981874 0.06885075 0.06706474 0.0697567  0.06762446
 0.0678895  0.06673496 0.0672044  0.06901181 0.06604027 0.06851187
 0.06812119 0.06562133 0.06907059 0.0646926  0.06960869 0.06788822
 0.06830533 0.06976066 0.06647244 0.06753637 0.06676082 0.06462909
 0.0653804  0.06532045 0.06444415 0.06540337 0.066271   0.06497691
 0.06439175 0.06431653 0.06493669 0.06200153 0.06265596 0.06164042
 0.06255836 0.05975405 0.05827222 0.05734726 0.05531779 0.05481764
 0.05388192 0.05395297 0.05365521 0.05397807 0.05177082 0.04973043]

ili_36_24_Autoformer_custom_ftM_sl36_ll18_pl24_dm512_nh8_el2_dl1_df2048_fc3_ebtimeF_dtTrue_Exp_0  
mse:3.3664886951446533, mae:1.2908817529678345, rse:0.887121856212616, corr:[0.06557421 0.06436633 0.06294694 0.06199046 0.0597747  0.05713707
 0.05424353 0.04987582 0.04469733 0.03986869 0.03612663 0.03072556
 0.0275906  0.03053414 0.03323017 0.03616865 0.04044273 0.04434225
 0.04808845 0.05218175 0.0566227  0.05903299 0.05934929 0.05202647]

ili_36_36_Autoformer_custom_ftM_sl36_ll18_pl36_dm512_nh8_el2_dl1_df2048_fc3_ebtimeF_dtTrue_Exp_0  
mse:3.331448554992676, mae:1.2528483867645264, rse:0.8794329166412354, corr:[0.06220322 0.06124771 0.06123588 0.05999961 0.0566063  0.05244095
 0.04747277 0.0422948  0.03796231 0.03484953 0.03259411 0.03003142
 0.0311684  0.03705351 0.0417951  0.04511618 0.04695648 0.0475386
 0.0479985  0.04893354 0.04997538 0.05297736 0.05661849 0.05896575
 0.05987838 0.06048618 0.06082962 0.06107227 0.06170861 0.06183301
 0.06243691 0.06334478 0.06372889 0.06312145 0.06206965 0.06198733]

ili_36_48_Autoformer_custom_ftM_sl36_ll18_pl48_dm512_nh8_el2_dl1_df2048_fc3_ebtimeF_dtTrue_Exp_0  
mse:3.1206374168395996, mae:1.2011669874191284, rse:0.8456463813781738, corr:[0.06165588 0.06219162 0.06183124 0.06195323 0.06099518 0.05851966
 0.05569595 0.05160324 0.04645913 0.03919293 0.0316976  0.02472559
 0.0242933  0.02987198 0.0343684  0.03830182 0.04148075 0.04386571
 0.04630677 0.0492332  0.05261504 0.05596144 0.05794715 0.05953956
 0.06117742 0.06294324 0.06451436 0.06549928 0.0664354  0.06746181
 0.06826947 0.06877371 0.06906517 0.06888574 0.0688335  0.06859691
 0.06758887 0.06541257 0.0647261  0.06335685 0.06166597 0.06004781
 0.05834701 0.0567847  0.05499564 0.05281515 0.0510286  0.04428191]

ili_36_60_Autoformer_custom_ftM_sl36_ll18_pl60_dm512_nh8_el2_dl1_df2048_fc3_ebtimeF_dtTrue_Exp_0  
mse:2.845632314682007, mae:1.149843454360962, rse:0.801453173160553, corr:[ 0.06359395  0.06507756  0.06590866  0.06499827  0.06298345  0.06040908
  0.05747336  0.05380661  0.04965253  0.0474003   0.048074    0.04922099
  0.0505856   0.05471995  0.05806296  0.06071564  0.06254985  0.06344078
  0.06341666  0.06372721  0.06525925  0.06628098  0.06793275  0.06941002
  0.07043524  0.07076159  0.07069635  0.07080979  0.07109864  0.07113121
  0.07099166  0.07058875  0.07041322  0.06992781  0.0693322   0.06854897
  0.06783228  0.06738608  0.06663932  0.06605677  0.06545451  0.06481632
  0.06403682  0.06305335  0.06176468  0.06007366  0.05861271  0.05690558
  0.0541542   0.05008195  0.04815505  0.04681294  0.0439032   0.03989529
  0.03658534  0.03382586  0.0297837   0.0274509   0.02697061 -0.00600487]

national_illness_104_24_DLinear_custom_ftM_sl104_ll18_pl24_dm512_nh8_el2_dl1_df2048_fc1_ebtimeF_dtTrue_Exp_0  
mse:2.279543161392212, mae:1.0606387853622437, rse:0.7299928665161133, corr:[0.07271336 0.07471643 0.07467184 0.07294479 0.07160878 0.07011889
 0.07114375 0.07130135 0.07097042 0.07038265 0.06948849 0.06953475
 0.06987706 0.06880558 0.06895911 0.06789352 0.06751348 0.06669972
 0.0656843  0.06541991 0.06488367 0.06513551 0.06490155 0.06515279]

national_illness_104_36_DLinear_custom_ftM_sl104_ll18_pl36_dm512_nh8_el2_dl1_df2048_fc1_ebtimeF_dtTrue_Exp_0  
mse:2.2354073524475098, mae:1.0587890148162842, rse:0.7203847169876099, corr:[0.07279421 0.07367274 0.07388462 0.07251751 0.07055347 0.06897496
 0.06956754 0.07001439 0.06983895 0.06996635 0.06984162 0.06939793
 0.07051583 0.07031086 0.07129567 0.07095242 0.071009   0.07119699
 0.07068687 0.07075825 0.07062821 0.07042518 0.07022807 0.06992404
 0.06899282 0.06907275 0.06957383 0.06873001 0.06752681 0.0668543
 0.06540534 0.06417852 0.06321167 0.06236811 0.06223856 0.06153119]

national_illness_104_48_DLinear_custom_ftM_sl104_ll18_pl48_dm512_nh8_el2_dl1_df2048_fc1_ebtimeF_dtTrue_Exp_0  
mse:2.298314094543457, mae:1.078803300857544, rse:0.7257245779037476, corr:[0.0713156  0.07260744 0.07272346 0.07112341 0.06910147 0.06761234
 0.06822361 0.06866498 0.06855889 0.06843934 0.06782762 0.06826144
 0.06916529 0.06909189 0.07003201 0.0694712  0.07039755 0.07033329
 0.07031748 0.07091999 0.07110394 0.07116447 0.07141405 0.0711739
 0.07083705 0.07079274 0.07100531 0.07011538 0.06932519 0.06807297
 0.06755593 0.06720355 0.06649776 0.06634498 0.06632464 0.06567474
 0.06514819 0.06483531 0.06475764 0.06465157 0.06416552 0.06338933
 0.06272002 0.06242248 0.06165578 0.06126863 0.06092564 0.06004411]

national_illness_104_60_DLinear_custom_ftM_sl104_ll18_pl60_dm512_nh8_el2_dl1_df2048_fc1_ebtimeF_dtTrue_Exp_0  
mse:2.573103427886963, mae:1.1570842266082764, rse:0.7621095180511475, corr:[0.06460771 0.06757625 0.06947473 0.06910652 0.06882106 0.06781068
 0.06824197 0.06972802 0.0692063  0.06905182 0.06835375 0.06642655
 0.06930565 0.06981875 0.06885075 0.06706474 0.06975671 0.06762446
 0.06788951 0.06673496 0.0672044  0.06901181 0.06604027 0.06851187
 0.06812119 0.06562133 0.06907059 0.06469259 0.06960868 0.06788822
 0.06830534 0.06976067 0.06647244 0.06753636 0.06676082 0.06462909
 0.0653804  0.06532046 0.06444415 0.06540338 0.066271   0.06497691
 0.06439175 0.06431653 0.0649367  0.06200153 0.06265595 0.06164043
 0.06255836 0.05975405 0.05827222 0.05734726 0.05531779 0.05481763
 0.05388191 0.05395297 0.05365521 0.05397808 0.05177082 0.04973044]

national_illness_36_24_DLinear_custom_ftM_sl36_ll18_pl24_dm512_nh8_el2_dl1_df2048_fc1_ebtimeF_dtTrue_Exp_0  
mse:3.0523061752319336, mae:1.2446863651275635, rse:0.8447121977806091, corr:[0.07356282 0.0740407  0.07323631 0.07108542 0.06844931 0.06572547
 0.06755777 0.06663594 0.06897441 0.0687425  0.06783779 0.06512507
 0.06713024 0.06274553 0.06198609 0.06609724 0.06771382 0.06507991
 0.06588234 0.06420198 0.06781593 0.06480631 0.06878447 0.06475998]

national_illness_36_36_DLinear_custom_ftM_sl36_ll18_pl36_dm512_nh8_el2_dl1_df2048_fc1_ebtimeF_dtTrue_Exp_0  
mse:2.8043668270111084, mae:1.1528400182724, rse:0.8068699836730957, corr:[0.07241288 0.0734181  0.07337867 0.07146396 0.06960054 0.06774364
 0.0691971  0.06968146 0.07011478 0.06894862 0.06788735 0.06846993
 0.06995758 0.07012793 0.07019804 0.07018058 0.0709986  0.07250991
 0.0734405  0.0734091  0.07408673 0.07350887 0.07350317 0.07359158
 0.07098334 0.07082669 0.07014699 0.06837718 0.06772029 0.06636187
 0.06483302 0.0638083  0.06294607 0.0623241  0.06089953 0.0607158 ]

national_illness_36_48_DLinear_custom_ftM_sl36_ll18_pl48_dm512_nh8_el2_dl1_df2048_fc1_ebtimeF_dtTrue_Exp_0  
mse:2.829345941543579, mae:1.1611354351043701, rse:0.8052117824554443, corr:[0.07108081 0.07191218 0.07141103 0.06865119 0.06647685 0.06352504
 0.06475058 0.06511513 0.06507707 0.06418443 0.06426033 0.06586395
 0.06778034 0.06842269 0.07012643 0.07069133 0.07207965 0.07387725
 0.07519464 0.07564885 0.07683449 0.07645661 0.0769732  0.07544061
 0.07419281 0.07364888 0.07348751 0.07189237 0.07093665 0.07005976
 0.06926582 0.06831332 0.06734566 0.0666157  0.06600705 0.06620751
 0.06600608 0.06543427 0.06501569 0.06471292 0.06465611 0.0631981
 0.06280171 0.06172361 0.06087972 0.05996437 0.05915599 0.05801588]

national_illness_36_60_DLinear_custom_ftM_sl36_ll18_pl60_dm512_nh8_el2_dl1_df2048_fc1_ebtimeF_dtTrue_Exp_0  
mse:2.973094940185547, mae:1.1928997039794922, rse:0.8192060589790344, corr:[0.06435421 0.06570283 0.06697981 0.0657989  0.06469299 0.06270742
 0.06443432 0.06487679 0.06379003 0.06260555 0.06175466 0.06335185
 0.06458724 0.06594347 0.06760555 0.06870872 0.07008994 0.0723365
 0.07412037 0.07430653 0.07472885 0.07489114 0.07458871 0.07418476
 0.07275074 0.0722933  0.07250224 0.07140912 0.07055823 0.06983673
 0.06879539 0.06911651 0.06813031 0.06817194 0.06733571 0.06800879
 0.06823698 0.06803697 0.06786406 0.0682421  0.06844955 0.0677921
 0.06791022 0.06707467 0.06649329 0.06588628 0.065428   0.06448693
 0.06380533 0.06162632 0.0598978  0.05920794 0.05747524 0.05616511
 0.05547369 0.05378831 0.05206876 0.05105997 0.04970809 0.04841174]

ili__Autoformer_custom_ftM_sl4_ll2_pl4_dm512_nh8_el2_dl1_df2048_fc3_ebtimeF_dtTrue_Exp_Quantile_0  
MAE: 1.260286  MSE: 3.339384  RMSE: 1.827398  MAPE: 3.092570  MSPE: 290.222961  RSE: 0.893749  ili__Autoformer_custom_ftM_sl4_ll2_pl4_dm512_nh8_el2_dl1_df2048_fc3_ebtimeF_dtTrue_Exp_Quantile_0  
MAE: 1.259653  MSE: 3.335548  RMSE: 1.826348  MAPE: 3.099590  MSPE: 290.860748  RSE: 0.893235  CORR: 0.065607  PICP: 0.468233  PINAW: 0.136304  

ili__Autoformer_custom_ftM_sl4_ll2_pl4_dm512_nh8_el2_dl1_df2048_fc3_ebtimeF_dtTrue_Exp_Quantile_0  
MAE: 1.259687  MSE: 3.337802  RMSE: 1.826965  MAPE: 3.095423  MSPE: 291.550232  RSE: 0.893537  CORR: 0.065593  PICP: 0.468233  PINAW: 0.136229  

italy_ili__Autoformer_custom_ftM_sl4_ll2_pl4_dm64_nh4_el2_dl1_df128_fc3_ebtimeF_dtTrue_Exp_Quantile_0  
MAE: 4.400571  MSE: 52.868530  RMSE: 7.271075  MAPE: 0.904028  MSPE: 0.916241  RSE: 1.085511  CORR: 0.014142  PICP: 0.000000  PINAW: 0.017026  

italy_ili__Autoformer_custom_ftM_sl4_ll2_pl4_dm64_nh4_el2_dl1_df128_fc3_ebtimeF_dtTrue_Exp_Quantile_0  
MAE: 4.416418  MSE: 52.992687  RMSE: 7.279608  MAPE: 0.911772  MSPE: 0.929832  RSE: 1.086785  CORR: 0.014142  PICP: 0.000000  PINAW: 0.016172  

italy_ili__Autoformer_custom_ftM_sl4_ll2_pl4_dm64_nh4_el2_dl1_df128_fc3_ebtimeF_dtTrue_Exp_Quantile_0  
MAE: 4.416418  MSE: 52.992687  RMSE: 7.279608  MAPE: 0.911772  MSPE: 0.929832  RSE: 1.086785  CORR: 0.014142  PICP: 0.000000  PINAW: 0.016172  

italy_ili__Autoformer_custom_ftM_sl4_ll2_pl4_dm64_nh4_el2_dl1_df128_fc3_ebtimeF_dtTrue_Exp_Quantile_0  
MAE: 4.400571  MSE: 52.868530  RMSE: 7.271075  MAPE: 0.904028  MSPE: 0.916241  RSE: 1.085511  CORR: 0.014142  PICP: 0.000000  PINAW: 0.017026  

